167
191
654
634
744
487
461
416
600
894
685
836
16
497
151
717
421
555
686
827
825
896
730
329
603
949
889
188
948
367
546
983
775
703
970
196
666
454
270
85
869
237
294
298
800
696
474
541
784
578
152
938
789
488
516
922
73
885
735
357
805
549
405
582
95
647
850
808
322
860
478
395
884
741
792
154
223
248
679
593
642
854
299
704
651
288
944
989
985
28
420
705
720
53
963
743
195
486
243
522
200
982
547
429
93
762
253
209
75
332
52
777
356
408
493
242
844
346
402
920
511
508
2
330
749
821
941
238
24
887
734
240
440
378
399
586
759
415
140
554
817
469
650
409
785
59
338
215
231
818
120
182
849
581
793
275
535
715
385
815
206
712
261
875
125
667
255
158
159
293
994
945
727
675
380
831
197
910
906
396
575
262
267
463
287
334
987
10
460
481
462
928
680
69
699
382
872
951
66
360
199
674
870
14
86
809
892
315
435
901
911
513
249
956
962
605
846
543
139
678
446
946
510
908
236
354
115
9
363
865
105
410
230
623
127
520
689
519
798
925
84
41
229
747
397
594
400
239
602
660
876
392
185
976
443
22
630
929
537
583
501
960
562
351
161
536
606
217
882
517
319
668
34
144
45
344
904
891
611
339
858
731
532
822
595
99
895
489
289
722
507
830
769
218
861
905
779
174
991
957
729
656
947
897
663
967
853
780
655
919
5
389
890
926
445
425
934
867
479
843
274
126
21
950
222
113
823
227
917
19
570
245
387
165
324
124
732
819
232
998
51
828
912
723
556
419
530
637
31
930
953
431
810
794
707
866
365
156
569
545
931
311
47
771
394
500
303
233
364
886
379
264
790
848
225
914
314
626
475
348
213
442
369
141
375
692
899
473
760
190
538
802
131
308
212
604
427
709
975
868
388
755
560
114
36
18
878
250
552
940
386
973
986
432
652
252
17
35
26
88
613
145
444
413
918
795
742
909
428
70
719
102
173
756
996
1
384
832
839
401
46
842
353
498
969
813
130
7
176
615
737
669
80
480
175
82
143
466
812
306
377
503
710
272
201
814
662
640
302
558
826
122
688
56
935
553
96
436
184
862
207
527
984
631
404
633
506
292
71
183
29
716
403
841
411
697
748
100
424
112
282
708
477
107
856
355
297
787
592
305
782
597
761
534
564
601
286
539
907
974
203
97
542
879
840
682
924
781
109
921
335
746
296
852
77
142
702
629
518
559
677
123
838
491
372
447
916
961
68
117
38
551
770
214
244
441
101
752
417
327
150
624
187
788
589
50
57
285
965
433
607
186
695
467
132
588
15
472
341
149
373
736
235
208
625
391
515
567
383
265
565
874
147
251
609
309
33
205
458
728
55
121
32
847
701
20
801
572
672
643
768
448
301
336
381
638
968
11
576
751
106
116
455
180
349
824
580
653
246
325
990
612
988
359
63
234
211
871
883
328
504
700
320
778
453
632
64
310
169
241
903
42
664
312
863
540
807
260
118
164
598
87
160
393
639
721
398
857
783
228
376
525
172
495
566
476
494
39
726
610
163
407
304
90
888
753
153
98
765
971
978
786
170
148
521
620
981
128
585
557
714
283
162
278
833
133
12
619
94
563
568
108
465
426
30
881
684
724
422
757
177
544
423
266
880
268
390
178
512
350
972
468
79
763
502
673
665
256
804
803
966
855
318
773
138
927
25
599
681
561
37
693
776
91
893
137
496
923
168
596
347
48
134
92
958
571
157
550
58
772
269
764
739
622
526
902
103
932
873
418
706
645
939
62
290
711
648
492
829
745
657
459
834
658
528
13
198
691
509
44
414
450
135
361
204
671
343
766
104
146
307
799
271
43
27
321
797
313
484
452
959
937
584
119
758
331
89
533
291
733
524
60
835
523
621
811
78
628
676
457
529
750
636
111
284
687
76
806
83
295
618
980
437
616
641
837
977
936
224
915
864
323
898
65
608
845
548
368
192
406
942
574
210
430
23
155
483
438
999
774
590
220
995
900
993
226
851
690
374
482
470
221
933
456
194
366
718
258
754
997
659
617
859
943
219
259
449
247
499
277
698
738
979
646
579
345
54
254
257
326
216
796
614
531
485
4
136
954
683
337
649
464
342
725
587
573
189
791
300
340
627
439
81
816
713
514
434
358
166
273
72
694
49
505
281
193
490
877
371
591
6
8
1000
181
661
670
451
370
316
820
913
644
362
317
110
129
276
40
263
964
992
740
577
352
61
955
767
952
280
635
412
3
333
179
74
471
279
67
171
202
