5034
2206
6650
8860
9214
3712
4043
2493
3635
2286
46
8797
5880
4502
8268
2671
2383
3210
3102
5789
4231
8092
1758
6062
4186
9376
5379
210
1936
5429
3991
5594
702
3882
33
5015
1437
3925
5505
7125
8365
6436
9569
8933
9863
1676
2596
3188
3235
1695
9652
8065
2173
2013
5361
6105
7247
5135
9106
269
7353
5793
3080
3410
2710
1216
4780
5375
6791
2419
1700
5867
9662
7578
411
3396
7011
4473
4799
112
6231
4993
5138
9695
3774
6114
3883
4225
3813
8792
798
2394
3552
3830
6817
2147
2885
737
7101
754
2223
7414
1575
3760
4011
4677
9453
7234
542
2681
4234
9419
7401
7658
9660
6256
662
5204
8835
5908
9069
2714
1411
306
3634
2784
1786
8347
6174
2668
5461
1033
3695
5673
3407
5514
9774
7002
2099
2275
8466
238
7986
8808
868
8821
9219
9525
9657
5910
4915
4610
6522
9556
7726
2111
8642
3737
3180
649
3893
4894
5093
687
3109
5700
474
3390
8180
5953
4775
5835
5076
3914
1556
1630
5458
8832
3093
5731
6026
1609
6559
3632
5398
4913
8982
4741
7037
6017
2776
4347
7733
1179
8174
1414
2639
4641
2828
660
9673
6746
9543
7598
8304
5286
4681
8880
6276
7469
6624
3206
538
5258
6335
7688
6831
3901
8610
8551
6782
962
915
5687
5877
4246
2471
9692
1105
3601
6880
3101
9203
6395
6012
546
4538
6663
1384
8862
7640
6318
9975
6530
3821
9928
5338
3243
6812
4356
9280
4161
9626
7631
5134
277
1160
3584
3278
5446
9374
9356
1977
3336
3702
7304
4209
6350
7345
9184
4437
4840
2741
2232
4827
233
5122
6807
3789
9981
4078
565
6349
8569
5714
68
717
4371
116
8335
5517
6043
3317
3500
377
2008
3752
258
3848
6629
1097
1339
2362
1687
8859
812
1731
3575
4803
5948
2361
8952
5147
9479
5113
2433
5944
8680
9922
2650
1598
226
5697
8629
4965
623
5476
9561
7822
7381
3446
361
7044
2059
8628
9441
6487
4618
8040
2203
2355
5229
9213
1890
2306
4482
2314
9071
7212
5679
5228
4815
8096
9460
2101
655
8908
7583
5605
5078
5829
1060
2803
5813
7542
9983
867
5415
5822
4378
3315
2966
390
2342
547
2018
9637
8071
4337
2318
9766
9970
4083
2300
7725
1311
7641
5805
6473
4971
9116
4703
1688
2909
1862
6767
3854
7913
85
6133
2646
8782
733
8856
408
6540
5907
3510
8344
7192
4130
94
2796
7779
9384
1145
8153
4458
2604
9231
5521
5484
1073
833
391
1129
4203
1124
3990
741
227
3655
5528
8784
933
9573
1924
6803
8902
4521
1989
7316
858
7087
2614
248
3559
7940
5623
1403
3498
4638
7153
7293
1095
8989
9246
4807
1109
7378
3856
8735
9903
6406
5783
4244
3765
2197
8899
7189
6884
3648
3703
7954
7610
2278
1466
31
1900
9414
9362
5296
3818
9034
9691
7306
6757
8754
1346
9061
4318
8451
1617
3963
7506
624
3395
423
9393
7490
9303
4091
253
5701
335
4499
1180
5930
2626
9788
6843
1891
9798
646
4648
477
9985
749
9491
5592
5532
1855
2588
762
4647
1866
1231
7978
9435
7656
5217
7309
9190
3939
2290
7843
5839
4785
3986
417
4302
4660
1939
6288
9829
9023
5412
639
9085
2141
5967
5613
4068
4210
8233
689
7770
5900
1724
7027
5267
3382
5491
6929
9015
6095
428
8100
8187
9264
7554
9688
8826
329
8507
7307
2518
6838
7662
854
5220
5772
5039
1952
6275
9083
5396
5794
1597
486
8279
1649
2573
1884
4592
6854
4708
8138
1396
8693
260
2591
138
8080
2853
4327
7838
2442
6415
811
8816
9446
5152
6722
4515
222
5973
2838
3233
2269
5738
3640
9488
5132
8971
6461
7195
7421
9176
8343
4105
7517
3284
9870
6866
9104
2986
8766
2802
8917
785
4634
7180
8048
6549
3377
2597
3930
2582
1383
482
4297
8245
9564
8901
2033
9714
9502
3744
4838
7305
2950
5371
8801
4213
2422
8323
9729
8850
1646
1229
5216
7805
9512
5053
4911
1065
4709
8566
5494
208
1769
9824
2380
7074
1199
7480
8220
525
7077
8727
9840
7107
2798
1840
4852
5670
7706
2461
7534
6184
4843
3144
8948
6156
34
4578
2025
9972
4235
7758
8662
4065
2889
1657
8281
1509
7825
7054
4552
4200
6460
8601
8813
5059
8059
3912
9885
1947
9326
2276
3895
3527
8926
6845
2769
3036
751
2352
3889
2062
1467
9612
8715
8641
9292
8478
4766
1387
8602
3339
9836
8737
2598
2322
8953
9470
8368
3978
6676
3545
1780
1894
945
2128
5631
4880
8211
7639
4711
9896
7416
3205
2011
7931
7749
3025
5062
3533
1610
9671
8082
5693
3056
7392
1448
9517
3455
8975
5090
2970
4191
1232
3730
8877
1622
4340
7492
6534
9770
1958
3715
2765
3676
3283
872
5173
8251
6264
2015
3757
1141
8549
2185
4329
3272
7637
6024
8582
4791
5274
3351
5501
9225
4368
7299
7846
9160
1937
5647
6433
4934
7926
2084
6083
1976
816
9723
2469
9526
7813
4204
3348
9710
8810
5721
6731
3615
9274
4120
1215
2483
9686
4366
5787
3322
1399
4850
473
6694
3960
6129
4312
1287
5669
3215
6206
7467
6453
1257
2793
7686
5638
3697
3173
7708
3135
8768
1472
3897
4977
3027
4676
1601
4303
9568
8477
948
6457
4388
179
8496
6873
2174
8931
8127
7811
7837
4960
2982
3311
9605
7083
60
5630
9712
9909
6290
5420
3722
38
3704
8617
7046
1071
9560
1658
8434
8721
1694
2852
6438
5107
8337
7068
1514
608
9664
9367
4232
1391
2190
8348
9588
8446
2752
2319
2860
3513
1564
4728
2896
7445
5245
7452
8799
1645
6577
8861
7031
8811
6403
6040
3713
4439
7434
1632
6587
7592
7322
8366
2976
2632
3288
8306
5596
6976
2656
5026
8309
4398
7111
595
4929
7840
3321
963
743
9081
6141
9630
4834
6458
7897
692
2775
2733
6177
9308
6299
3684
566
7287
3834
5971
6055
437
9791
9410
786
7718
2979
6918
3745
220
9153
9933
6023
5052
3286
135
7864
7282
6595
6565
4836
1594
1106
3916
9777
2351
5496
8654
1868
7697
2094
3564
4446
6248
911
2510
3434
9206
202
3281
4320
4072
8552
6469
629
6021
9281
7945
3071
656
2890
9797
1829
5769
5674
2531
5824
8062
3943
7454
1873
8130
8823
2473
9621
1641
4687
7202
6218
2311
2923
2404
8491
2369
8234
6015
6951
6885
6763
9910
2721
5996
7078
2955
3375
5567
9455
4406
8733
1483
5913
5849
4923
1550
44
1077
9530
7754
5047
52
8798
2466
7724
8288
7289
4139
4441
5719
6881
4454
9243
134
6031
5095
809
836
4076
670
1619
9908
107
7777
6899
774
4365
8313
6618
8677
845
7773
667
8697
8473
9934
7748
376
993
6157
1500
6287
292
7531
5075
6495
3804
2812
7974
5827
5215
2720
4087
3226
8672
3020
9828
6563
5554
5770
7471
8731
1602
1618
296
903
127
3022
803
5785
3947
7587
3784
8967
5585
4427
6221
2215
1412
7992
1506
956
143
4050
5736
7377
3391
2077
6592
4492
8314
9288
6085
8226
610
3651
1652
952
4967
7121
7468
2410
9173
5901
9737
4522
3124
3831
7409
9859
5703
4268
4514
5297
1704
8273
3412
4570
1047
5639
3607
5781
7418
8038
7980
1375
5986
4389
4945
2046
2873
5000
7771
7297
7703
8644
6771
5418
2365
4344
7633
3018
6232
6369
4331
6098
1529
3649
7450
1155
5210
7615
6475
8932
2428
1029
8193
5741
4405
8836
5010
9555
6418
558
579
8934
7364
9557
2385
792
9409
3169
921
3368
2472
6
7646
2030
1928
4912
8421
9328
7746
1438
6166
4704
4077
7732
3631
5732
5934
3360
6120
2138
6478
1726
3585
8442
6058
4778
4559
9590
4731
5965
7203
5463
7315
3928
7989
2356
5069
9668
9800
5949
575
2951
7465
122
9451
6241
6965
3709
1181
259
7376
614
6194
9653
5325
740
8012
5278
6611
9009
4264
4001
5408
9278
6582
892
7071
2867
2952
943
9631
3611
3579
5745
1282
387
7081
7801
4724
8271
8969
9042
4861
182
9946
5885
724
7425
2452
6497
2020
3566
5417
3728
2553
8186
5163
6360
3614
2571
2790
245
8074
7849
5191
4620
5740
9464
1208
1313
4185
4518
5044
3005
541
3131
863
3400
7314
8316
9175
8636
9473
2577
9549
5298
701
2600
839
8528
6424
8572
7523
1885
7060
5272
2040
2267
6509
1605
6412
1051
3997
7797
450
7988
6584
4287
5021
320
1650
388
1092
7128
7076
3961
7048
6507
4227
4953
9008
1380
4706
6067
3967
698
8542
6044
2520
735
492
8116
6148
1362
2024
338
6208
3167
988
9993
3216
7701
7917
3295
8887
5480
8329
9261
8079
7279
8950
8852
1030
1590
4989
3505
1950
380
1771
2760
5423
8175
1654
9742
1991
9617
7149
1444
7292
889
9490
9079
8369
7162
6980
1752
960
6322
8041
2505
4506
9703
4321
378
6019
4230
6127
5159
3958
2427
5559
6260
9765
5578
7350
4743
4250
4586
9283
1369
7004
1678
9633
2810
1036
1241
6982
9345
2244
7727
2933
9858
8921
2718
43
3733
1614
6560
6947
3187
9862
5022
2792
2785
5149
1333
7090
8179
1837
5954
4795
1748
312
9164
3253
5103
5978
7834
3297
9307
7812
1816
1665
2683
4738
1732
6601
4066
6555
5333
8021
6810
1803
3515
8340
9665
1335
273
7399
6726
3820
2724
5084
8407
9259
460
5556
8504
5280
6816
4876
8051
5538
779
9577
5088
9379
4455
8408
4887
4188
6463
7562
3316
2756
8396
7888
3511
1276
8378
5223
818
2375
5984
5950
9789
5754
1220
6071
464
4715
5552
4217
9796
9656
8712
5676
8172
2988
6696
752
2231
8640
8468
9298
1635
8463
7702
1
6372
3550
301
2768
2761
8260
7738
3535
4597
3262
6986
4571
577
2089
1447
8364
9239
1474
8122
9821
6202
8207
9052
2064
2558
2080
4757
3532
25
466
2208
7502
6441
8045
8789
1091
710
1042
7585
8627
4245
6237
7476
6447
9314
5242
9581
9420
2169
8208
4175
4528
6330
90
8432
2071
7512
8538
7775
7136
8036
7105
783
1159
152
3885
972
3302
8499
637
5422
4854
1716
9411
3920
996
9257
8270
6557
1372
3480
9924
9715
3126
9054
9837
6013
727
5677
147
6736
4813
3110
9955
7144
1291
267
4027
3964
2437
3470
4784
2336
6454
9705
2707
6149
5353
1585
3996
8532
4583
1153
6407
8984
8674
1003
2732
1498
9950
532
8841
7800
5840
6283
2747
736
3224
9481
3070
8406
7668
5791
2959
7559
981
5998
2782
8791
8142
4252
4663
1185
1951
6517
5713
9082
6776
2222
8265
4651
102
9273
114
7172
9178
2288
536
2607
6752
89
186
4136
8851
1683
6346
158
4534
3981
2925
7546
5492
1648
7832
6709
2201
6217
3133
5694
4171
5508
113
723
4961
1967
129
7061
922
8436
9593
1067
2371
647
2543
2416
5012
304
5233
9890
3077
8056
7352
8440
8968
3520
8752
3606
1875
7098
5573
1272
7248
2048
4600
5995
9477
9599
91
6666
6882
3002
1853
3134
4285
9125
6162
1542
8732
2403
6717
8606
5941
9238
3639
7883
5370
9180
4642
5265
6153
9141
511
7735
9404
2058
5485
2864
8493
8032
953
1477
6143
6950
7403
6594
1211
597
8016
7682
5030
9199
3430
7776
5482
4898
7018
3983
4202
5702
402
7873
5826
1699
4093
3300
1571
7204
1791
7882
22
5435
5452
9649
1709
7327
4097
3011
6853
5427
9132
5878
3058
7824
2219
1243
657
8708
5330
16
6529
6678
1236
3145
4181
8191
1821
324
5234
7857
582
8741
6712
950
4358
559
2193
1899
8598
6400
8751
4694
5351
7530
1984
8578
4205
289
5657
6130
26
6743
98
7794
1596
2924
7171
8289
6027
4530
5170
1563
782
9
103
8888
7241
4453
4058
325
644
7677
4000
4643
2490
1831
2397
9242
9165
373
3762
9769
7244
2003
7019
3672
5518
9608
2990
6052
2904
8182
1930
6510
9053
9547
2759
4566
7047
88
8854
5128
2858
7009
8315
8195
1941
7406
8008
8018
7142
1227
9802
7947
5359
8900
6245
8959
2679
2799
5801
5618
8646
3247
5411
8663
7065
7504
2149
6488
5395
239
8202
3827
5049
9227
7335
7609
8383
5222
1054
8372
4129
9382
5895
8480
3714
1440
6437
4875
2110
2051
7679
9421
6168
4946
3826
4849
2464
556
2057
9187
2669
4292
8618
9212
5905
6739
879
1629
5392
3091
8896
1512
4431
9679
3179
7987
6900
8000
1322
92
9094
6421
4031
6164
2871
282
7284
2252
4746
4153
2734
8753
2787
1239
5771
56
1052
4228
6226
449
430
8025
5129
7269
7405
5207
2321
5108
543
9413
3079
3886
5763
7481
5547
4240
5457
6591
8684
896
3208
386
2156
1192
1997
680
6818
626
7285
1136
7050
8544
794
4885
7572
6713
3204
8162
7946
7958
6499
3940
7599
2727
4916
1502
4404
2047
5598
7547
8120
1196
9429
4737
2807
9591
1494
6654
9150
5850
2742
250
6635
3864
1473
1889
8170
5157
3563
7274
3623
1540
7968
7347
8118
5073
7230
4386
4079
4884
2323
8318
3801
7478
443
7042
4770
861
1940
6669
4284
1784
880
5744
7540
2414
540
8474
6751
5444
8522
6494
2455
2042
7220
914
9575
8843
7621
1173
8133
2730
3004
1293
5915
7751
5493
8307
2091
5667
7057
9986
3558
3421
5506
549
8875
8194
9036
2628
8420
5081
8575
5539
3221
603
9003
2304
3982
3681
140
8338
4229
5728
548
2439
4044
7106
5854
9440
9331
346
6470
2296
6132
4168
1032
684
3014
9696
1867
2521
9144
5911
5456
7767
2863
4257
1087
2163
5931
6523
4029
570
5391
807
4190
5202
7291
648
203
115
3637
1242
9958
801
3177
9466
1194
4718
5500
7543
1000
51
497
7395
1410
4883
1093
7321
7043
8114
580
3992
9967
7898
3099
5001
9818
5188
6435
1177
6183
2540
1715
9622
8777
7601
5912
6574
7252
8944
6784
2016
2463
2402
1755
9813
6526
2556
9117
2388
2937
4338
7154
9736
729
4086
3846
5601
5221
1985
1319
8247
6747
1633
9643
9171
4069
2961
7328
1373
8278
2652
8965
5104
1266
8498
9422
2886
2257
6741
8683
5331
1338
714
400
2031
7670
4451
2172
1785
5689
5588
8546
6586
3954
5856
9587
3151
6224
6865
613
8261
9759
1357
4045
7991
9425
4966
3096
6234
9552
8351
6244
5308
7596
9661
4339
8128
8734
3525
8690
873
4413
5815
8804
2000
2801
5288
1484
5070
822
8587
8633
7312
8334
9672
4462
6100
3905
8488
3718
9938
4098
4932
6688
6622
73
154
8699
8027
2862
716
2984
7005
652
354
5014
3754
8361
6312
6788
6700
326
6926
1182
9099
7859
6258
1191
6250
9786
5426
284
7119
1727
5475
4466
4146
6940
9325
9719
469
8703
9894
2166
231
4270
8134
8014
5416
584
7296
1870
9830
1451
3966
696
1783
2905
8497
4460
3800
6994
8401
189
5407
7966
7869
4424
6296
8519
1946
7927
4933
6339
2709
9310
5717
7756
820
9982
5455
1849
63
8291
2586
1265
3597
1186
9533
5497
9070
5516
4562
557
9785
9550
1431
3150
3448
2287
9407
4476
5137
9030
876
5818
6850
5394
7108
8266
2279
7343
908
4274
926
599
8005
8659
3072
7729
7058
4039
5622
1015
3799
5753
6455
7861
3608
1677
4702
7201
1781
1808
3461
6805
6144
8839
8367
8178
6515
8592
1485
3477
2640
1221
7942
7892
7510
2368
2926
3756
1350
6311
4330
9147
4187
4425
6422
5652
904
700
3708
3636
5483
9341
6210
4060
990
976
568
9721
6036
2545
4828
2194
7654
5992
4787
1822
3362
3168
3770
7012
3244
8028
1084
3198
5648
4863
2500
3740
7218
7186
6889
3913
1708
5659
878
4047
7000
9651
8991
870
7402
8277
6891
5889
573
3952
8089
192
2366
3409
6554
1486
8621
6154
3191
4192
7803
7593
9516
1374
8738
6933
7953
8523
3268
5945
2247
9606
7191
3385
4222
28
5224
5329
9677
3946
453
6833
1457
9780
6864
8125
8088
8780
2198
7179
10000
3128
3459
2295
4832
1144
1206
8370
9221
8795
5467
4282
232
6081
4857
2029
9365
5114
4605
163
5326
5816
5899
9075
4496
7173
4415
9336
2570
1146
3788
5543
5871
5760
7341
1154
578
7369
6310
6934
7879
8110
9513
2725
7665
9020
1679
1133
3984
223
5247
8647
642
4621
4906
3528
6239
3468
2189
1347
4351
9271
2551
6484
5640
697
5609
8514
9783
1979
7867
9447
3633
5712
2957
1066
8846
957
6711
4765
9366
81
2778
2509
877
8210
4783
8619
1156
1584
8960
4253
9959
5087
7200
4478
4364
8320
1394
7243
6038
3100
5362
2693
5898
8757
6430
5382
211
4901
3484
3117
4507
5472
1120
4759
7470
7707
1795
3343
4907
9169
381
1541
6924
1016
1915
270
7582
4573
7590
3065
6533
1379
3420
4505
7561
9135
365
8246
8157
367
1190
2123
3249
27
7164
2431
5459
2662
3605
1135
6073
7941
8605
7489
5072
2661
3699
5853
1465
3329
3899
7781
2655
3137
4500
8973
9055
8158
7398
2605
3874
799
6969
1787
8637
9670
300
7062
6045
9006
1038
1268
1407
9159
4747
4820
1082
4306
5766
3758
1193
2134
1162
4734
9472
7001
8441
5165
3974
2763
4679
9698
1531
9537
6893
7020
9432
8776
3839
3604
8910
8439
4936
9906
488
8632
9930
2507
6065
3571
8705
1644
6150
4414
2851
4615
9368
8371
6187
321
6826
7516
7206
6945
4088
9532
5343
3009
5121
5269
2119
5346
8720
7263
3108
7079
3456
9311
2619
7664
5668
1260
7514
4319
4360
3580
9733
7197
5428
8350
2625
5809
9065
8076
7041
1696
5358
3507
1520
6134
1053
8988
1044
9817
9790
7736
283
4667
1581
5273
5310
8238
7815
9772
4555
198
4579
1671
9572
6745
1164
8476
3266
5169
9118
5487
585
2480
9509
6553
413
7310
8930
6102
6063
8717
3598
8121
7886
2139
9226
8248
3256
7281
261
7983
6732
4071
9872
1422
4598
4975
2817
5038
6755
3051
375
4980
1273
4666
2820
760
3495
4802
6794
5303
605
6764
5939
3622
6279
7385
5546
2834
4814
3038
7809
2467
1745
3989
2001
2918
6340
3647
5892
9746
970
9064
2708
5094
8217
9371
4381
7067
9966
2332
7791
6247
3691
5671
1482
6191
2911
3729
5056
5334
4131
1729
8169
3154
1214
6112
604
1551
6604
3146
5469
3112
3736
5743
7651
5443
8866
6886
7412
8518
6278
9378
9545
3153
8511
7972
7891
4483
1544
8849
5146
5200
2891
9485
6863
8389
3481
6220
4359
8385
3692
4726
161
9136
3388
9589
7024
4665
1914
4488
8879
9318
2745
97
8433
8685
3659
8739
2526
3942
3199
5861
2511
9282
4106
7900
2617
4797
4733
9148
6265
8332
6286
2462
6657
8216
1289
3040
8319
4764
3747
8115
4165
971
444
2884
1263
1267
1714
2914
1766
6756
4808
9240
3062
6558
8681
3242
4790
8907
9048
3341
1358
8215
1123
4951
1747
8871
3878
6173
9000
7588
964
7680
2225
5706
2804
4474
8449
2274
840
6189
4712
272
1433
1587
1861
7628
406
7427
6508
5231
7449
2
5682
5155
8192
6887
1838
4249
350
8878
243
1794
6088
70
8981
719
728
6039
5413
6946
8512
2484
1019
9704
9913
9939
2755
975
50
5071
3560
1881
875
5005
2705
7881
2642
315
9892
3363
826
434
2928
8974
6932
8983
5882
498
2133
5764
5624
3458
9914
4100
4391
7163
6139
6002
9629
1297
1128
2363
4160
1382
1801
593
3217
4314
1845
6875
3732
3258
5887
2726
3587
8585
7022
6687
3263
4317
5933
1460
7365
7753
3898
9437
895
8225
9375
2549
2136
1616
4267
4383
2418
4531
2498
4935
5470
5848
6904
6353
4979
5817
8500
8479
5799
355
6054
9832
7730
1833
4015
9601
5979
207
6550
4116
8058
2849
947
1886
3735
6703
9854
5873
7699
817
681
5032
4740
7653
4266
8772
2706
9960
8963
6464
825
8570
1230
2374
725
5579
6674
1315
772
5468
715
4298
8236
5077
1559
8061
8228
3661
8790
7997
3743
8106
5345
7129
9707
502
4524
1178
8977
3832
7863
2672
9127
8515
1792
7622
41
6466
8077
251
5194
117
813
3115
4141
9392
8747
6730
8346
9037
2630
5156
2004
191
5792
4369
4671
7934
3688
429
2167
555
2265
1108
4075
7436
8150
1686
9694
8181
1424
2199
9867
9459
768
148
7420
9272
9388
3796
8563
2447
6991
4756
5985
6477
3674
1548
5803
8214
6738
4119
328
8520
2751
2454
8327
7038
2260
7907
6859
4723
3574
3569
5981
2772
4032
3433
3066
3238
2337
2072
6047
8595
8395
8205
3447
968
5607
1332
7051
9433
620
5529
481
3908
9514
465
5502
4208
8664
3251
3337
6459
6800
9105
6317
641
720
6211
1537
1456
759
1607
3870
2649
1303
6930
6765
5040
4036
6378
285
5844
4811
6796
9801
6984
5920
7581
6888
830
7558
1327
7750
5762
7723
1993
424
951
137
7147
9738
2266
53
4748
2644
5709
2085
4376
5645
5600
8429
195
3485
9541
3275
8941
3798
2594
7672
2823
9619
9209
631
4049
3778
7444
7223
9571
4910
9423
6824
131
2795
1096
8373
9700
5287
4311
3333
5
4692
6319
139
2398
2678
4333
4872
184
3462
9095
6680
21
4941
1860
3720
3255
5211
75
8363
5130
1026
851
7143
1246
9155
8311
9091
8829
6749
1299
4558
9825
5636
5616
2421
9658
8527
6762
5890
2773
4498
1655
1256
5831
7249
3610
5723
9049
5924
4117
8594
661
5323
193
6255
4557
3225
6769
3506
1988
1320
987
1736
9842
311
3861
4575
2696
9373
9031
6028
5445
5661
5841
5903
4991
7714
8360
7059
744
998
9716
5750
1006
5185
4532
5205
7675
6793
6505
6186
3853
494
462
4922
1463
6158
1720
6890
5029
9726
1148
1367
7795
6952
6145
1401
4914
7182
1452
9276
5627
6588
8492
4519
6847
6733
18
9498
8049
5563
8129
9901
7713
3772
9853
4300
824
3422
8543
7493
6042
685
4839
4486
1158
7190
1513
2616
5109
8141
1464
3289
3766
4196
8548
6948
2109
8431
2503
6451
3010
4436
2906
7955
2179
2191
2872
2130
1421
2576
5179
1204
5663
2019
6837
7093
7039
1298
1161
2897
1552
9999
7548
4878
4693
2117
7820
3245
2307
5558
7533
2831
5565
8386
159
4197
1254
5373
3309
6531
299
1174
9748
6662
8209
4636
8126
8145
9756
2444
3119
6939
8531
5339
8462
1798
9838
2210
4273
2357
4978
676
3502
4390
8085
2844
3330
1353
805
2399
1390
1604
72
2476
8924
7169
534
8284
1121
1527
1841
4342
625
5860
4725
7747
5279
8600
9727
5513
3726
9717
4089
9072
1170
4051
6197
9350
7681
6207
4173
4291
9047
2339
1777
3170
3750
3786
5864
268
2164
9625
1488
6491
4944
6270
9595
5354
4925
5891
8068
6664
331
9131
6665
1491
6321
2272
4870
941
7294
5897
3593
1753
1140
2729
8149
8330
3641
5036
4387
1865
2572
4869
6035
2216
2954
6282
9690
6309
3331
3595
7539
7560
6967
6385
5923
6375
3501
9897
5778
3945
3721
5865
554
8873
3237
4908
3239
1063
8097
1356
6840
6858
9151
1249
6201
6701
6116
6716
5046
1420
5290
6827
4410
489
6084
1443
7276
8290
1668
7998
4675
6093
2271
6128
5774
1931
7170
2512
2684
4959
6911
1059
6993
9332
4042
6262
8212
7073
3955
4656
4762
333
6871
6302
6261
8872
4033
5195
1869
3876
650
765
1423
1956
704
9905
2032
1901
5252
4402
9297
3904
9112
1659
927
295
1910
6839
8624
1878
1774
7545
913
7326
6387
8997
459
7325
4752
5548
9809
986
9119
8726
7016
4699
7254
1703
3001
7332
9456
3888
5002
6627
2835
9181
8487
4465
9471
5708
3521
1810
4939
235
9286
7236
8308
5318
6964
7458
180
8564
7967
617
5300
9013
5266
8534
4336
1307
758
4470
8443
5575
6599
528
8471
8379
2880
4736
8567
1056
8200
897
4998
1640
6089
2345
1578
6228
6352
3508
6135
7319
5447
8613
983
2456
1475
3742
3306
1295
8263
6280
3185
2634
1210
2440
8083
2317
8947
1225
2700
9256
7606
3418
6374
8884
761
691
9962
2899
9634
1481
8756
2120
1280
7694
1675
2386
1219
1342
5875
6605
5350
9559
9092
3488
2836
6828
5479
1701
4332
8184
3436
4132
2770
1739
5583
7827
9232
1764
5347
5421
2658
2482
1024
234
6987
8183
9570
9012
9907
4020
9014
9100
6922
6606
8276
4930
3933
8755
3806
1892
7937
7340
6213
2002
1187
5409
8694
4868
8394
3524
5846
7650
6440
9235
9563
3576
3594
7807
7961
7159
5136
4541
8302
7627
3538
6693
3968
4628
7415
3487
7759
3746
9233
5172
7774
9128
3259
690
5166
389
4397
513
7122
4924
3084
5625
3039
1809
5610
3922
1741
5154
4855
1965
9544
3202
940
1172
3469
6971
2245
6556
2580
6086
5768
3998
6593
8516
2996
1264
8764
4537
2779
5519
1285
470
2689
2026
8814
3211
5748
3248
4080
2797
5302
6064
5182
2258
7602
9068
3936
9884
5632
7140
9987
3163
9152
276
9103
5127
6846
7278
6277
6061
3378
7117
9778
7094
2766
1953
3028
2028
3972
6715
9636
9992
6520
2883
3355
8915
9501
4822
8140
8724
1031
8992
4684
3386
5576
671
905
7219
5825
7473
5847
4604
1902
2964
1184
8758
9503
3277
1524
6707
2090
1002
5277
1793
2192
4806
9354
4417
7181
6185
712
3489
6107
9262
42
3783
7132
3894
1328
7419
1653
1954
1261
887
9312
1117
6819
1685
5218
6661
4983
1395
5299
9228
3977
9143
6297
8560
8599
1773
336
291
2159
4375
8156
9383
410
6995
454
8066
1825
5729
4008
7612
3064
1543
3906
9750
4
678
8137
8722
5063
6633
6612
9900
6363
79
1222
925
6869
2358
2183
3293
5074
2517
8793
5710
8237
5383
7647
2052
1245
2102
3178
6822
3573
2523
83
8616
787
1418
6575
6344
8506
9188
5184
8453
5870
1240
2898
1430
1591
2686
9355
1334
1308
1098
6383
7642
8536
452
6427
2638
6393
4572
7923
2750
8007
4717
4494
9408
7626
2121
5758
1197
2608
2869
6467
8593
8417
6364
4773
8579
5970
1933
7914
4942
2541
9252
6990
4956
4536
9412
4251
4826
2135
9386
8026
2277
7778
4769
2067
5101
176
4763
4858
5520
2436
3213
4305
955
7357
2373
2995
9755
9850
3140
384
5599
2350
686
8250
2021
6419
4584
2915
8171
1612
3583
8541
3814
3192
5629
6080
8393
4491
8985
9448
6598
9476
9268
4619
9811
6999
2786
2105
6204
6051
3229
5922
4613
9174
212
8295
3098
2547
8240
9880
343
4525
7755
5313
9996
5065
4215
1603
6142
4697
9565
7139
2848
5888
1567
106
4654
3427
7272
828
6060
4260
9480
4781
6772
1920
8596
5802
4248
890
7457
7358
7262
7447
8553
978
9523
8718
3088
7359
6925
677
6513
45
1651
6527
6973
5332
6561
5393
5067
119
9265
5834
9133
2255
3415
3269
3951
1830
8494
5363
5571
6979
2882
4308
7160
2006
3052
7696
3055
9194
1378
5356
6544
3909
54
5390
5348
944
9396
5602
5863
3859
7030
9741
6338
4568
7643
7868
4994
7270
9322
1826
7302
4985
6305
5808
1027
1759
6257
4896
9254
1647
929
1340
6632
2819
4833
2811
3887
8022
1760
7614
804
9469
3803
7259
9816
6921
3279
2529
942
1352
1768
242
395
2324
8356
3673
6740
1983
776
3781
4385
1478
4825
5213
7337
4372
3033
6399
2910
4350
2349
8231
544
7808
5264
9120
7579
1189
856
7648
6503
4148
3628
1370
869
8415
3231
4674
1201
1127
3612
1634
1025
6895
3921
7810
3761
2126
9781
1846
7977
5692
5250
5403
683
7177
9640
5569
5064
5886
2704
8144
6325
2603
6936
2930
5372
7258
4879
7361
3790
5879
2408
5963
2816
855
843
5820
1365
3335
1661
3596
1690
1691
3118
6479
4433
8185
4649
4133
431
5449
734
7814
6030
8604
7505
2488
1318
1122
9111
1203
1252
4779
4313
9839
1880
157
5124
8461
841
980
1519
5027
3361
8224
3236
8958
4373
9497
5404
977
3570
9976
5126
2936
4818
2114
9218
638
9632
621
9681
1150
4823
721
7852
7752
3021
5099
8615
1171
4753
2552
9097
8842
6423
7619
6271
7944
4987
4970
8490
8452
6541
2764
9208
1049
3616
9493
4919
6034
3053
9046
2251
2425
7256
66
619
5524
1788
14
8979
6673
5248
5619
5236
1238
9735
2561
6315
3299
5270
8559
9041
9089
2413
8067
1963
10
5117
2262
9011
9500
1471
7872
3201
8353
5141
682
3176
6589
5397
2248
5268
6285
8749
8070
6908
3808
160
1847
7831
2569
3792
8695
3603
4237
6178
9650
5935
6057
1004
9418
1237
9792
7231
7411
2400
2153
504
6829
1623
6830
1331
7841
722
9751
8173
6879
4625
3724
7742
764
144
2866
9224
5894
5019
8286
6417
8472
2068
8345
1702
2544
6227
3896
8017
6617
5360
3866
5168
8562
4354
6616
3160
1717
7823
8869
9114
757
6381
8763
9302
8354
3465
7082
5011
3312
6379
3658
6233
1923
3793
1561
9177
1336
9984
2931
7440
3105
6214
8457
9873
2620
1250
6754
514
5450
8093
9385
8942
3042
5788
4124
5604
7498
835
4325
7485
4635
7298
5983
4401
7379
8055
7271
7474
1980
4523
4982
4422
8765
4025
846
564
6246
8893
4038
2227
9399
7875
5178
4927
8678
4882
627
8154
551
4567
6634
9757
9551
1775
6639
3551
4958
2534
2888
928
1832
4118
1284
1949
3653
4269
9618
755
4686
501
2451
1749
7526
4296
8691
8709
3971
7566
1278
2921
9400
8634
5838
693
2833
738
6725
3203
3254
9522
204
1738
4606
2771
7522
3007
5716
881
9725
7014
3257
708
7564
5572
7993
5918
393
2629
9973
3035
7943
6118
4006
2045
9327
8423
7712
7576
2171
2124
7769
8262
9022
7433
622
5683
2894
2340
7976
2396
500
2877
8550
5747
9343
1762
5437
4218
1611
7507
1621
5570
5060
8489
6391
5994
5175
537
2125
8580
2781
3294
9267
1583
2116
6790
4012
7935
3993
3805
4812
5377
7537
3340
6642
314
37
3364
1911
9576
9663
9222
5239
9293
571
3111
5929
5503
9951
2631
8919
2946
1050
2522
7893
7339
2107
5919
773
3463
281
9731
8675
421
6137
8608
8558
5946
3644
2406
8481
5023
6357
1142
5043
5972
7424
8707
2282
3246
8760
8863
1305
7624
7969
8505
6324
1974
297
3642
3037
9389
2088
1074
7684
278
2612
9269
9248
3690
778
7097
3147
3296
6146
8525
2492
9290
1569
4856
8403
3398
9430
219
6955
518
5958
3516
3677
5328
9745
5997
7227
7889
6428
5189
821
7374
8305
8728
9876
7134
6697
1927
796
2069
6480
2180
9032
8954
5240
1926
5656
6720
2212
5244
9627
3891
6170
2497
4517
2922
4111
7355
5453
7075
9088
6432
7085
1198
1705
1345
9835
2246
5956
4535
4547
9192
4949
2953
9101
8444
4866
823
780
7317
5533
7349
882
7336
2524
6802
9895
7862
4334
5037
3869
3106
5773
4263
3431
8243
9628
7890
6354
7437
9138
982
3497
4162
2805
4335
5276
6485
8905
7521
8557
5309
9730
6099
8249
7553
893
2901
9889
2515
7845
9947
1761
9109
4782
1409
7193
3085
2240
2162
99
1547
7088
9217
6006
4143
8321
5092
4593
8483
9306
1660
810
6956
9536
6625
7303
5664
4721
264
3719
8392
4103
6602
2112
645
4485
6983
3327
2948
3234
7826
4749
9997
8412
5796
4544
6770
6216
815
1723
1582
4988
8668
287
3218
7104
508
2737
5555
4279
7555
2081
6077
61
4548
358
7477
2036
2038
2736
567
9025
8586
5208
1175
2945
6251
3776
3884
1143
5936
4509
7618
3694
4529
5964
1789
7330
4489
3880
9277
8885
865
7226
4341
3240
6388
3197
5980
6502
3353
8119
8716
4637
418
3138
8825
2196
4022
9195
1735
7488
2338
1449
4700
3565
6025
3509
5434
5893
4831
1565
288
9810
7264
3366
4943
5311
240
2980
1639
8339
8669
3549
8047
8882
3143
8805
4041
3705
5145
6672
8748
7676
8057
6450
4719
8742
4275
2411
5756
7902
8069
8445
8740
7544
9149
8612
7435
9919
3669
1325
4176
3076
3849
9505
3212
4265
1712
4395
9740
2535
9161
3307
7036
4442
4972
2878
6917
3012
8352
8936
4126
9902
3504
4501
4744
3473
4194
1643
9462
8095
4617
4963
9843
1258
3087
5289
7728
9284
1068
7709
5688
30
4511
4137
9675
3301
7155
3184
3613
3561
8382
425
2791
5724
1669
3089
3539
6649
4997
4819
9600
2912
2533
8459
7635
9607
2762
1516
9390
170
4157
3142
7311
2331
1085
3282
6362
7625
1907
7213
6222
9320
1806
407
7161
6179
8331
520
5307
2291
8679
58
7040
5464
1818
3794
9324
9856
674
8588
5283
6896
8834
5906
3590
5051
8310
4095
9519
6113
6573
1800
236
1046
290
3542
1233
2665
4154
6609
6675
6511
6608
7765
4199
6641
8966
6961
7114
9353
1796
2673
6016
6902
5810
9204
7584
8151
4293
9062
961
9216
9026
5581
6815
359
6852
7884
4198
2372
5842
9090
9820
1235
6792
5474
899
4761
7491
8227
5761
966
827
9402
907
9597
3313
3067
495
533
2506
9461
6636
653
3865
7513
7915
5511
7772
8
2370
4591
3536
3232
8163
7092
3347
6566
2160
9768
7518
9927
6906
2233
9871
3122
9898
448
9851
2154
9330
5883
4841
4147
5749
15
2574
5940
8696
6230
6442
2098
6718
9624
3825
9121
1489
5675
218
2659
665
668
616
2913
1580
4019
6576
7511
7333
3948
8108
3944
8230
6981
2688
8482
7021
1942
8264
5281
3182
9667
5164
949
9377
2695
1725
2847
1750
8590
2654
3618
197
6714
6799
2932
3164
5007
4595
6806
1286
4135
5711
9359
5181
7408
6705
8635
5795
8929
8253
7538
4680
5086
5171
9163
2254
6646
6564
6384
9645
4735
4556
8435
8324
4631
8976
4236
1934
5523
5814
515
3771
3492
6498
4035
2783
6306
4493
5123
7597
1820
7965
142
7175
2268
666
5364
9711
8300
1404
8927
4475
1627
742
1710
2270
8874
9340
1253
368
6766
3373
3095
4758
2241
4948
7768
8349
7719
1112
9394
5335
7591
317
574
4755
316
2316
587
1371
3693
9122
3379
6567
7920
2280
3734
3824
6653
404
2963
688
4685
3840
4926
8689
7757
4056
3127
1945
5614
5150
5441
8112
7360
2537
5566
1062
1007
8342
6808
9001
5644
6539
4361
7025
3181
1069
8293
7446
932
9130
5866
478
7080
7925
8788
8706
2250
9846
8778
5167
2568
9815
5988
3753
591
9991
8285
29
1487
8682
8730
2969
3995
5419
3716
5658
8577
2294
7952
3875
1744
1682
2593
2221
6985
2917
5650
1326
2887
8945
7683
6698
6000
7835
4777
7532
1022
126
8925
1213
3380
6620
6326
3738
468
5680
5400
766
5811
6811
8458
5295
9357
3787
4073
3731
7527
4013
2302
374
7603
3602
3445
7049
1490
3454
1815
1968
612
3426
5881
3367
6644
308
8951
9450
8837
4158
156
8252
8303
4435
7410
6138
9524
3689
7956
7793
5042
252
2856
8011
5232
412
5797
6490
1217
5004
9196
9646
8190
6273
7034
7242
9602
3068
6078
4789
7858
8998
3867
6110
2335
1453
1110
4067
7620
2429
123
4145
756
8312
2717
7063
1539
439
7836
5199
3534
6106
5209
77
3129
4346
3855
4698
8923
8034
4590
5481
2698
7267
4444
1767
9398
9134
8807
2749
2449
7848
1048
8524
2027
8147
3687
7878
6842
9764
2991
6304
4973
7390
4992
2992
8117
6848
9018
8970
2479
6066
4794
8326
4286
5237
6076
6923
9289
4290
9635
414
9819
1114
1147
6014
4587
7215
654
2539
1631
2477
4426
767
4632
9210
4516
9067
2489
394
7371
9428
9294
9585
526
7118
4409
2334
4917
7785
6872
7463
3646
4288
3547
713
522
7975
3120
263
2341
5380
8848
9807
1348
5016
125
5316
4212
5734
7482
4968
3553
9865
185
6610
6108
9971
5183
4577
1057
4261
8547
4353
2903
4545
9611
9230
9339
3432
4564
7146
6867
8336
7912
6008
8111
4653
9444
6126
1417
457
4830
9406
6870
995
100
6124
1454
4690
1188
3568
4589
1546
5621
6444
4490
1844
6180
2438
8704
2395
8328
7232
385
4167
1805
9507
3435
527
4090
8165
3344
3683
55
4151
3310
9803
7904
7649
3544
6355
7745
5876
2092
5868
7300
5058
4084
4969
5387
8470
447
706
9253
6928
1102
3591
918
7375
2648
5642
458
57
6686
2967
6101
6638
5851
8573
3190
7288
8006
5282
12
9200
5249
7632
9482
2735
4816
7519
2971
9016
440
8272
6931
3836
247
4937
1202
356
834
4384
9699
694
8645
3499
9017
2333
2939
6131
1737
6159
523
9739
2348
5448
4469
196
3620
4028
2050
8465
5843
3829
3074
3393
5531
9186
9468
6003
303
9881
9484
1130
6053
8671
2814
3267
8109
4563
5498
1642
7109
7657
6416
2446
916
2152
2560
4307
6386
521
7971
6813
1037
201
342
3985
9245
6334
214
9659
1118
3779
6072
2379
4902
6109
1673
1722
5593
4543
7981
6420
4990
844
6551
6298
3707
7007
6313
8889
7600
9004
9291
1960
2237
4889
4207
935
9574
3414
1721
9929
7157
8164
3006
5608
9761
6481
2824
917
2129
5306
5140
1817
8107
3871
8840
6857
1909
3785
2826
49
8402
2677
4061
2557
3290
5190
4062
4002
4859
1436
2808
3222
6289
3086
512
8275
1872
8914
3858
7211
3156
901
8761
7484
2023
9708
3953
6091
2181
5320
3200
8046
7313
109
4440
5489
8584
9771
8898
6448
5080
5896
3389
1461
6580
9496
8904
6398
2481
3423
3668
8990
4057
1572
4921
9724
8890
9604
7174
6397
7397
3662
6623
3114
4258
2699
442
1964
8956
4127
673
3370
8583
9775
166
2393
967
8222
7990
9728
206
3546
2041
6583
6820
7509
9337
8571
352
1134
2919
718
5942
6963
4842
8113
3863
9949
1492
2230
427
2320
6655
6773
9145
7721
8597
3917
7630
4553
4609
7905
7692
2859
4629
5537
5187
3868
124
8013
8123
2719
6742
4301
4063
6356
9060
7428
8426
67
1075
6331
6199
383
6474
8152
8508
4005
369
5845
4874
3439
1275
4801
1503
992
750
6637
213
4903
4727
5055
775
5541
6007
6252
8867
7928
1874
5161
709
8994
4434
2722
8819
3441
3773
4821
9891
8800
9963
9363
4964
800
20
5050
1081
93
9954
2017
3314
506
8043
3626
1446
6169
8486
9255
173
241
7208
3136
5260
9518
2458
4278
6333
7580
4484
3599
3165
1636
6242
9648
7854
2157
9647
3918
1415
5858
7996
3650
8771
7780
5312
3656
5739
9579
5193
2186
3934
3357
3815
6874
1897
2846
224
205
7028
6545
3437
8229
4408
5466
1850
7816
9969
6535
550
4281
3303
7705
9309
8177
1495
2007
6692
8146
244
6907
1812
7951
4429
7690
5635
8648
23
7459
4689
4713
9335
8607
2839
8484
3443
4999
1139
3823
5292
4716
8892
9942
866
3023
2165
5143
6301
8822
2583
4893
1344
3024
1667
9110
7762
8269
7574
6253
2857
7286
3081
4696
3529
7066
4184
2359
9463
5438
9295
1666
3701
1684
1713
6552
9352
6182
5454
7141
8467
8294
590
8218
9443
3475
5654
5938
6172
5542
3402
6677
104
9808
5133
9994
1973
5869
2184
249
636
5442
6449
6905
5666
3280
9534
7453
108
499
669
9093
6020
188
6032
7611
5819
3924
9782
76
891
7010
2377
7280
6267
838
6203
7168
658
1277
5660
3970
6192
3843
6699
5085
4421
8655
7829
8280
1279
7999
3358
8015
8767
7782
3586
337
7089
7638
7268
790
2344
6894
6786
7909
4214
3438
7896
1751
5914
1595
4860
9918
1116
9005
569
2702
4195
5800
4599
8995
3877
8513
9417
1763
3174
5256
8855
3763
2841
2382
9234
7678
9753
1895
2692
7265
2213
2728
615
9943
6167
934
2697
6514
9504
5291
150
5582
5626
2263
6645
1343
8168
8161
3810
7497
9449
330
1183
7102
4166
7950
230
5158
2983
8282
2127
1733
2519
3405
5909
2214
6382
633
9638
4010
9158
7921
2095
3780
1996
8198
1107
4034
4276
9347
4102
7784
9258
6426
3466
3907
3600
327
237
3152
280
6916
2972
4247
4892
7804
3003
6658
5589
4480
3334
9594
4309
6727
1337
7704
382
5406
9931
2748
6920
2309
2712
7100
6823
8325
4026
1857
9154
5786
6600
360
651
9139
7176
8787
5317
4594
1532
286
4729
5833
7217
1119
5746
7496
8376
3624
4899
9773
1814
7551
586
6626
3034
3851
1790
2010
1961
2956
1281
9546
748
3686
9197
2788
6966
6225
6342
6915
2182
1419
5255
1212
2158
2670
1324
8657
5952
2420
6070
7064
8064
8203
8702
2562
2106
2073
4809
4172
7086
2474
711
6835
6294
3371
6938
3554
3350
8883
517
5262
7384
4362
7334
3739
2508
2495
2513
7901
3519
6775
4238
463
5197
5115
7070
3670
4497
323
3503
5927
5690
4216
9831
9107
484
145
4551
7525
3054
2144
479
2536
561
2289
5678
1228
7084
6029
8105
1834
7221
344
9926
7957
4193
1574
9370
2676
362
6958
994
6943
105
225
7575
6992
5119
7839
4418
9287
8104
3926
178
8387
3193
4420
819
7466
419
7052
7029
7225
6538
6525
8986
4363
1692
8729
4695
5957
9185
1905
5381
8574
8614
5976
4673
5991
8086
9554
6708
6919
5974
2063
2789
6944
6975
9333
5214
4664
2435
7239
6198
5486
763
6018
2312
9869
3537
5718
4630
4004
6392
3975
1835
4416
1459
2078
3494
5536
4419
7035
9285
4096
864
1719
7691
888
121
5367
1990
7819
3572
9964
5106
859
3043
3493
2723
8540
4710
3372
3844
7763
7423
8686
4233
6597
7853
5284
1843
4367
7137
7257
3230
8770
3540
7209
4732
6615
5054
7571
7069
3103
7799
3956
7818
4370
5201
788
3665
2694
1515
936
562
1560
1312
2647
2929
1538
8254
5597
6295
4183
6111
7660
1836
2587
2944
6147
74
1304
4995
4220
9812
9979
3332
2060
618
5557
3833
1577
3069
753
7613
9952
6710
3919
3183
8535
9848
9978
9019
229
3045
7156
5968
6832
2615
1828
1055
2256
5035
2993
5515
6033
351
8357
6092
9123
7786
4081
8448
3384
6781
3304
6903
3711
6056
7994
7346
588
2389
3777
2713
4219
4580
7669
664
2426
3219
2070
3643
1413
4771
1530
7138
7924
1090
7389
2938
4254
3696
4798
4239
4596
357
7407
1131
9795
2653
1368
695
8301
1493
7023
5509
1113
9360
8943
7479
5612
310
5584
3467
7903
8831
496
6671
3227
6909
7577
348
703
8638
3915
5079
4452
8809
3617
5561
1040
4241
7099
1625
4315
1028
2579
2865
228
5633
2115
2855
8031
7198
4450
3890
2131
9028
4585
174
9528
1858
1125
4947
8897
5530
6380
6266
2975
422
4326
2774
9722
6596
1321
5111
8556
5733
2035
4611
2703
7693
6841
2434
1522
5512
1137
3083
6259
9613
3041
8081
353
7133
1533
1932
8769
5751
5777
8725
363
2974
9319
7380
1906
6779
8996
9799
8670
640
789
1600
8359
4542
1728
9702
3261
4280
1309
1518
3518
6861
1864
3791
984
7422
5112
600
1200
8033
279
7205
6160
1269
7366
2079
1573
3900
62
1799
9348
6729
9361
2985
7245
3678
3530
4074
8918
8781
5477
1511
6825
8736
7850
5321
6648
1904
2622
3835
6748
4392
9852
7461
396
1670
5780
7185
8673
852
3969
3486
3764
4905
6679
5013
8296
3657
4881
8257
6272
8456
7984
8404
3044
9553
4661
1827
6892
4810
7847
9531
5707
6235
5315
6844
8399
2794
985
9405
4612
7568
2590
849
7338
4053
1730
9349
1882
7148
8711
6009
8427
643
3822
8853
4113
7787
3425
7026
5510
3698
9879
7666
2360
2818
3132
3352
7949
2486
6798
7483
1916
1288
2200
1921
919
3962
3048
6087
7695
1497
6927
9170
3935
3911
7113
2475
6721
4085
2666
2056
8949
8299
1207
6176
4652
1505
1014
8206
3090
8003
8762
9058
7348
7760
9904
4865
9096
9038
4438
3270
2854
39
8414
5975
9961
6978
9957
9315
9202
3148
8622
4092
5545
3710
7443
7253
3931
5684
2014
40
3797
2895
923
8201
2390
1856
9050
1888
194
1432
6789
8806
5590
7210
7667
9033
11
2055
606
9275
5225
6394
1361
9372
5368
8972
3531
2821
7393
5009
7500
3305
1839
165
8060
3411
7715
6702
6877
8939
1402
6181
3543
4510
3619
7550
7115
5045
3768
9642
8259
9584
3621
9888
366
2715
7158
8830
9140
8042
7939
7652
3401
9685
5696
7152
1970
4745
5162
1010
8858
416
4644
3483
199
4867
2663
7072
9182
3345
602
6901
6519
2405
9822
5507
5196
885
1871
1480
2343
7096
553
1364
7277
1496
3474
900
1442
3514
2643
9304
4123
8103
78
1255
5966
3097
7933
5553
5959
8410
8955
7617
9499
5271
5374
4294
6959
3403
4848
2731
4720
3592
5160
7368
5410
3841
9845
6292
3046
3937
340
7370
8824
4471
9263
1045
4520
6506
5365
1978
6409
9249
7720
6619
9313
2780
8666
1104
3932
7110
6914
2034
6482
3987
9639
7659
1992
3444
8833
5977
1290
5551
9465
8447
894
9084
3999
3476
6656
8794
9542
209
8197
5020
8533
1034
9260
4324
4533
6476
3682
2687
5782
739
7240
8589
9416
1076
857
9893
2220
2994
2061
5024
7135
8565
3700
7229
9157
7351
4602
635
848
601
1982
8029
7439
1011
2528
8773
4560
2685
2264
8701
1554
9823
3852
6912
2465
4513
3522
3557
2423
9744
5784
5735
4928
1778
6647
2947
2037
8895
1470
7586
6942
216
6628
9397
476
2236
9586
6010
4223
7711
7006
6547
9596
4030
663
2415
1663
7056
7948
6774
7388
2445
7342
4328
445
5263
7394
8002
69
5322
3769
2532
5091
1545
5830
1355
4853
2977
6630
2104
7982
8554
2934
9758
2177
5096
4851
4750
1455
9655
4957
1360
4950
7396
5304
6737
2565
2559
5366
2602
3376
8935
3748
1943
8802
6402
7456
5314
3195
5006
8938
399
699
6795
2815
3879
1323
5385
3019
9877
9968
5577
2960
2022
5921
5932
6408
4355
1008
1392
3850
9948
4873
583
7792
7634
1987
4070
1458
1020
7645
7844
2825
1359
4508
7922
5402
2746
3749
1528
4576
8388
8611
7503
7894
2636
7391
4672
4877
8626
7017
7008
6571
2460
545
9923
3252
4177
2601
7806
9689
2387
9980
7766
5097
7918
7460
8405
4396
8661
5219
6578
1536
7710
2743
9620
6670
8381
6760
8912
2674
6396
8980
1393
8244
958
8160
9868
3369
7151
3155
5192
8783
5425
48
1568
1441
1218
9562
4164
8844
634
1879
1259
7761
910
3123
2330
8411
5253
162
7515
9762
3130
2627
171
9784
9684
7013
572
4243
7251
7356
2346
3017
2973
493
1300
2978
9887
1001
769
3063
1754
4487
6022
436
3872
589
6249
1962
3276
3994
5562
4888
6059
7916
2989
1620
7207
2682
8221
3320
133
4659
8023
4768
5947
6431
4343
7344
6329
8094
1012
3903
3394
9666
3265
5174
7383
1662
2916
7187
5695
7429
9920
1035
8723
5439
6075
946
9146
6389
9683
8561
398
2044
8818
3149
4603
3957
294
7266
4574
4955
9945
9787
9338
6343
1479
2514
6196
9878
8916
8020
2621
9215
9074
9527
4144
4900
2329
1912
87
6668
371
5779
3440
5574
24
3478
2777
47
7373
6941
9300
9749
2401
7673
2893
3104
9682
4844
8424
8660
4379
1883
4817
6468
1039
672
4754
837
2606
6876
2999
255
6328
1558
9237
1244
5917
7387
1851
9886
7003
8030
3356
8692
9452
2083
8087
1247
2188
2592
9205
1549
8019
1613
271
8398
9483
6136
9251
3988
2874
2753
4772
6723
9841
2211
8009
6777
8460
2845
8258
1823
3171
1061
2065
3354
1017
3472
6155
4040
6390
8713
9401
5120
2096
4046
4767
7716
3015
9358
8464
5742
3013
5725
3073
7739
8653
9021
7930
9445
5603
2140
2566
3717
9478
7789
5611
3273
1593
8940
8437
5651
797
1023
999
5227
9027
2009
4864
2178
9467
3660
36
7570
6401
8894
5798
1376
746
153
6370
4614
1929
3274
5691
1009
1316
2242
2538
2504
2527
6719
9162
4705
7796
5962
9179
9936
8292
5990
8529
9678
2424
9351
1377
2043
4299
5560
1898
5206
9988
1439
7116
5540
4805
2875
7932
3782
7636
8384
1746
8418
5595
274
2908
4149
3685
19
4722
435
6667
1995
2487
9548
8719
2235
6371
6175
5139
6910
6518
630
607
8698
2118
4259
1955
4445
3582
7565
5341
4037
2675
4189
2555
8413
2623
8391
4400
4380
9610
4407
7876
4650
3032
7472
5812
4846
4014
6140
4456
4657
9424
132
4009
3161
1908
1510
1734
5431
2453
1086
9935
6860
7032
6332
5226
7438
4504
6585
886
9494
5686
9687
3663
6643
8876
2273
5646
529
1501
1842
2618
829
6376
4104
7674
7126
4481
8509
5620
9814
7431
4382
4448
3030
1562
3417
9167
7237
3667
254
9189
5504
7331
7320
2315
5568
6121
581
8906
7798
539
4059
2301
8785
1697
598
4981
8239
9236
2150
5319
2209
9932
1317
5943
9641
6365
4862
1903
989
5342
9582
2943
4242
3125
5681
5759
9857
1782
7552
9953
3186
632
9965
3049
6367
795
4786
4357
1205
9977
8891
5488
5243
8219
9029
4169
3082
906
1405
4976
6682
59
3873
7301
4443
3862
9305
4221
6809
4115
874
1523
9940
101
7700
2965
1534
6471
5857
4691
1919
7363
5828
2806
3567
318
8333
7178
4645
4163
2082
3416
3842
7689
8024
9917
1195
5198
8274
5337
7860
1707
9077
8409
1588
5041
6897
8054
9489
9380
1972
3451
519
4428
6603
6347
6621
6068
563
2822
4107
7494
9614
8964
2195
8603
7962
6284
6997
7308
6761
6348
2226
6562
3008
4658
7214
6821
2837
7541
2376
1922
6614
4003
4662
8485
7764
1398
9115
1111
2691
82
8422
7441
3727
9566
5369
8469
2354
2168
6004
8322
1877
4897
6161
9849
1586
4138
347
7885
9299
2412
1770
2637
6704
9166
7870
9794
7899
1163
4283
4512
8537
730
3328
5357
9580
6849
7464
7687
6512
6190
1508
5823
1994
1013
1349
2224
6691
3828
791
6404
5285
2325
2624
8658
2613
3664
3381
9874
4688
1811
1863
7413
4323
8886
9760
2218
7556
9010
3450
6425
7528
4140
3075
997
5705
8390
6883
3845
3374
7448
4774
6041
7938
120
3291
6229
6728
9438
2113
9508
5465
187
1166
991
8609
675
9244
7663
8591
3453
6851
6327
9754
974
4837
5083
190
6269
5672
5665
850
1517
2205
1425
9941
2326
3857
1674
8649
2564
8072
2443
7524
3479
5832
7629
4962
1576
5587
5752
1959
2861
7623
6683
4707
6005
3581
80
1638
5324
5003
5144
4423
4742
3482
2609
4122
9207
7123
96
7184
5722
8317
2840
5327
1283
9035
6489
409
6434
6411
7557
9442
2485
6493
8167
6439
8774
8380
5405
9270
1209
3
2998
370
609
2151
4954
4472
4682
415
2690
4017
7604
7740
1100
6281
1381
9538
2392
6163
6414
2868
151
5982
2039
9680
8744
8196
9156
4540
3318
8510
5230
8255
6734
6970
6090
9911
1018
8495
8098
4678
8502
9510
5388
9990
6785
3292
3346
7783
1935
3460
2430
7549
7644
1427
2900
4226
884
3609
5246
7462
6500
257
7529
3116
7929
4751
2409
1168
293
8155
8620
8526
4467
5017
5550
7216
446
1406
8283
455
6037
4588
8052
4174
1971
2920
7866
2378
912
2942
1101
8625
1126
9342
8078
4608
6263
9078
6254
71
576
3387
8037
2459
13
64
745
3214
5386
8256
4459
8928
4399
1776
4464
6303
9124
8091
5212
5526
7995
4582
2075
9492
8796
1664
1400
4048
9024
2122
8090
3449
6977
9847
5440
6542
3359
5430
7283
8961
1521
2093
6590
2813
6361
594
9073
6049
3429
5989
8176
3113
3121
1804
9583
7979
1626
7367
9805
3555
1535
9172
9201
3941
1469
1711
9718
7817
6949
433
6215
6937
4310
8132
181
3819
1294
7120
7238
8004
4565
6953
5177
6336
397
6483
1813
5937
7887
1772
403
4479
1938
3094
6123
7329
5775
9763
2238
2293
3220
3976
6293
6797
2680
3162
8148
167
1079
65
5955
2407
2148
4622
392
3965
2949
5859
9098
2940
4108
6651
432
6094
3807
6753
9317
6783
8911
1078
9883
7112
3166
3652
2499
5591
7828
8375
4377
3973
7183
2968
4739
5628
4178
814
7095
7851
5401
5433
6787
9431
5549
6768
8044
8962
4824
3194
3107
5061
9511
2176
8475
1429
4023
9609
3725
8576
426
1416
2432
2234
1925
2239
2876
4655
9059
309
8687
5904
4996
793
9743
1296
2744
4793
2987
5478
4468
8631
5960
9697
3980
4670
4527
6193
4890
4495
9439
7354
1351
2525
5951
4909
7324
3654
6570
1672
5180
8053
6548
832
2575
4272
3723
8101
4256
405
3837
491
7741
8667
2012
9137
6115
6472
969
372
9080
4206
3802
5837
1975
7150
5641
732
8857
9250
7224
1167
1058
1262
9899
8213
5755
302
9063
4101
5698
2738
4304
322
3811
9495
7594
6212
8416
5790
1944
7731
8656
2285
7985
1887
7386
319
6446
8358
1064
1435
4394
2328
4760
401
118
4581
516
5110
7655
8139
596
2800
7661
1132
9434
3892
7722
7963
1234
3319
4800
2087
8623
5902
2381
5928
2657
954
4052
524
5776
4607
6855
8298
1385
6501
4211
8267
146
628
7910
731
2299
6613
4403
9767
3424
6631
9676
8847
6209
2478
1005
221
3349
5767
2305
4804
6868
5389
1599
3548
1354
3026
7508
8786
2589
509
2758
141
5490
7295
3323
9520
4549
7432
7842
6345
5432
9578
7908
4393
7877
6104
1706
7486
5653
3141
806
8501
9321
4503
3338
1998
1094
4128
9623
349
1966
560
6314
6274
9039
1366
5089
6659
9827
6996
2548
6878
5118
5495
1779
4845
3767
7091
9515
3285
3061
2842
7382
7536
1589
7874
1428
831
1742
2767
9436
246
2086
32
9693
17
307
8063
2997
339
3812
471
4289
7744
7871
1876
7964
2259
7595
4891
4776
1999
1740
8913
6046
2516
5872
1743
3541
4886
9381
9834
5726
5836
6307
3979
2651
2281
3512
4871
531
6405
9316
5254
490
3196
860
6069
1450
5535
3578
9395
1570
6572
3419
7131
1624
8650
8639
8159
8204
2716
1043
7567
4792
9592
8450
4374
441
6308
3408
4624
1757
7607
1819
924
6962
7250
2578
1592
8039
6188
3471
1115
5251
5462
7228
6291
1089
3464
5344
777
3860
1152
3298
2754
9475
332
1797
2353
5925
4277
3556
6456
6957
3629
9521
1306
9669
7103
6778
4835
552
2633
4007
9334
7196
5102
5862
3157
7033
9956
8700
3589
2066
965
4255
3638
8665
7188
5606
973
5057
9223
8287
1169
4094
480
6465
9266
8362
4064
2739
747
2202
5544
485
215
8999
6359
183
6152
6972
8643
6443
9539
9066
2902
5153
7880
8743
9925
2542
2599
1807
679
4180
3491
128
5033
2097
8073
1274
4940
9045
3817
5451
3741
6429
2391
7451
4796
3271
5151
7055
2292
8242
4021
4182
9713
3047
1080
4125
7233
6171
1893
3775
3496
3838
3526
7821
7895
5176
110
9241
4110
9916
9403
3523
6744
5125
3666
8957
9454
4461
2175
5025
2367
8750
1553
1292
9844
6079
3816
7960
3562
3923
9108
8922
5961
2981
9598
7734
1499
9701
341
172
3158
7865
5018
164
2053
8568
5068
1948
6074
6521
9387
5028
7053
2502
6640
6685
4920
4155
1896
4569
5685
7906
6243
2701
8397
6758
5261
3029
7855
2310
9615
6780
5424
6223
4463
9540
2417
1681
2962
5142
8143
1913
7426
781
420
8803
5926
9860
2450
2468
3680
2832
4938
4546
9369
8920
5806
2298
5008
2054
6050
1301
4150
611
7124
2829
7605
1917
7589
6300
6750
4024
1408
8341
200
5499
6373
6358
2870
6581
3172
5186
1363
6690
7404
8946
9193
275
6814
1426
7737
9102
1802
475
9087
930
9391
5098
1223
9752
4345
2879
3326
4447
1579
8828
9793
8166
2881
6445
9329
111
7973
313
1103
3577
6988
8189
6366
4349
2441
9567
8652
3413
7563
8812
4112
8425
8937
5534
9732
7261
2711
8188
505
1434
334
177
149
9734
3910
2664
3645
4788
3406
5257
5586
1848
8084
9346
7417
364
5580
2347
8400
8454
9603
8909
9344
9974
937
7487
7475
6862
7372
451
5987
9191
3228
8746
5471
7501
3404
4457
2850
1476
1388
4714
2494
1555
707
8903
1756
4626
1224
7275
7045
847
6316
9229
2809
5993
3809
1248
3588
2892
883
5884
9415
8377
130
7194
8521
3078
939
8870
2585
3016
1557
2554
7802
2161
2261
5275
4701
5704
1151
2907
3847
6524
6974
1656
4669
3881
379
9198
3365
9861
9709
8775
1718
8124
1507
6532
483
4142
8050
3260
3938
7130
8131
1099
8987
4931
2249
1041
5148
6954
6496
3517
8710
438
3250
705
8815
1981
7499
9043
5436
2491
8881
9654
8075
8001
7318
8235
2611
6759
6219
9720
1689
6165
7015
4895
6689
2074
5637
5066
1608
6998
1070
4099
726
6236
7430
2635
4262
9056
7911
4526
217
9076
7970
1628
6660
4550
5460
5617
7830
3950
3706
6528
4986
6268
3625
3959
6568
1176
7273
902
1504
5340
9989
3209
4984
2958
5473
6082
5116
9168
4156
9086
9921
5730
3287
3759
8010
1386
9113
959
3139
1852
1918
1138
3949
1566
4683
5715
9998
9912
5238
2100
853
6151
8820
1445
4601
4121
9364
3392
1526
3675
9833
2217
7145
4633
4829
6724
1270
305
5305
1021
1615
5821
7442
6536
5564
8419
6200
3060
9301
4159
7166
5662
8430
9864
2204
4348
3223
6097
8581
169
2049
7235
1462
5999
5522
6125
9506
2243
1149
2645
4322
6103
2384
5235
2364
6452
2740
2145
9674
862
6119
9944
9558
784
8232
9776
6898
2470
6695
6238
7671
5649
2457
3050
1957
2303
9875
9995
5527
6989
2660
8539
3490
1397
5336
5615
6543
510
6413
3630
4627
592
7743
5203
1854
4974
1329
1341
6486
7400
6492
1680
7698
8745
4352
9804
6096
7856
7222
5720
1468
461
802
345
5916
168
6968
3452
8135
3175
3342
7167
7520
2448
2005
3264
8199
4554
8838
8688
265
7685
2641
6117
84
2581
4134
8438
842
256
1693
2563
659
9126
5294
8241
4847
9457
3679
1969
5655
9487
6681
2308
5855
6652
8530
6960
3902
1765
5874
6240
2941
6804
8817
9002
5643
535
8099
1251
7165
298
1314
2108
3751
2584
262
6205
6337
9426
6462
6504
1302
5105
5384
507
2103
5804
4432
2132
9937
6569
2076
4054
9706
1330
2187
7569
6579
5131
5349
3428
266
7495
8136
2283
9474
4646
8374
6122
9323
9855
8845
4918
4412
8428
8355
1165
9529
6836
6546
6684
8779
7246
1525
6516
9535
9129
6913
9779
3397
1986
7362
771
2843
4904
2757
4082
4016
5414
938
3159
7323
909
1157
6001
2827
1824
7
3457
7936
5969
7127
2284
9220
9040
5852
9806
3092
2229
6735
503
5376
5293
8455
5525
8759
6834
4430
5699
4114
3627
9279
4201
3207
4179
6341
3929
7608
5100
4539
8555
3399
808
5082
1637
6323
8503
136
5765
7255
1226
8868
7790
9882
1859
7717
7788
2137
487
456
3308
6351
5634
9826
5259
5727
5378
7959
4639
86
9296
9644
7199
2170
3057
4295
6011
871
8676
7616
6706
2667
3927
5355
2207
4271
8517
2927
9183
4561
6195
9044
3671
8993
4449
3189
1083
2313
8714
2550
7919
9247
8864
2935
3031
9747
155
9051
5031
3383
1389
9007
9427
3059
4668
3325
4952
9915
6935
4152
6856
8297
9616
2327
4316
8223
6048
530
920
175
2496
7455
6320
2610
472
6377
9486
1271
4477
4170
2228
2830
9142
35
3755
7260
2567
2546
4224
9458
2253
8630
3795
5399
2155
9057
1606
4616
4055
2530
1310
8651
6537
8865
95
979
1072
2501
6368
7290
8545
9211
3442
6801
3241
5737
898
9866
7573
4640
2142
8978
5048
8035
5757
2297
3324
4730
8102
931
1698
5352
1088
5241
7535
7833
6410
3000
2146
770
2595
6607
4018
5807
467
4109
4623
2143
5301
8827
4411
